%!PS-Adobe-3.0
%%Creator: cairo 1.16.0 (https://cairographics.org)
%%CreationDate: Wed Jul  8 19:23:27 2020
%%Pages: 1
%%DocumentData: Clean7Bit
%%LanguageLevel: 2
%%DocumentMedia: Letter 612 792 0 () ()
%%BoundingBox: 14 104 597 687
%%EndComments
%%BeginProlog
/languagelevel where
{ pop languagelevel } { 1 } ifelse
2 lt { /Helvetica findfont 12 scalefont setfont 50 500 moveto
  (This print job requires a PostScript Language Level 2 printer.) show
  showpage quit } if
/q { gsave } bind def
/Q { grestore } bind def
/cm { 6 array astore concat } bind def
/w { setlinewidth } bind def
/J { setlinecap } bind def
/j { setlinejoin } bind def
/M { setmiterlimit } bind def
/d { setdash } bind def
/m { moveto } bind def
/l { lineto } bind def
/c { curveto } bind def
/h { closepath } bind def
/re { exch dup neg 3 1 roll 5 3 roll moveto 0 rlineto
      0 exch rlineto 0 rlineto closepath } bind def
/S { stroke } bind def
/f { fill } bind def
/f* { eofill } bind def
/n { newpath } bind def
/W { clip } bind def
/W* { eoclip } bind def
/BT { } bind def
/ET { } bind def
/BDC { mark 3 1 roll /BDC pdfmark } bind def
/EMC { mark /EMC pdfmark } bind def
/cairo_store_point { /cairo_point_y exch def /cairo_point_x exch def } def
/Tj { show currentpoint cairo_store_point } bind def
/TJ {
  {
    dup
    type /stringtype eq
    { show } { -0.001 mul 0 cairo_font_matrix dtransform rmoveto } ifelse
  } forall
  currentpoint cairo_store_point
} bind def
/cairo_selectfont { cairo_font_matrix aload pop pop pop 0 0 6 array astore
    cairo_font exch selectfont cairo_point_x cairo_point_y moveto } bind def
/Tf { pop /cairo_font exch def /cairo_font_matrix where
      { pop cairo_selectfont } if } bind def
/Td { matrix translate cairo_font_matrix matrix concatmatrix dup
      /cairo_font_matrix exch def dup 4 get exch 5 get cairo_store_point
      /cairo_font where { pop cairo_selectfont } if } bind def
/Tm { 2 copy 8 2 roll 6 array astore /cairo_font_matrix exch def
      cairo_store_point /cairo_font where { pop cairo_selectfont } if } bind def
/g { setgray } bind def
/rg { setrgbcolor } bind def
/d1 { setcachedevice } bind def
/cairo_data_source {
  CairoDataIndex CairoData length lt
    { CairoData CairoDataIndex get /CairoDataIndex CairoDataIndex 1 add def }
    { () } ifelse
} def
/cairo_flush_ascii85_file { cairo_ascii85_file status { cairo_ascii85_file flushfile } if } def
/cairo_image { image cairo_flush_ascii85_file } def
/cairo_imagemask { imagemask cairo_flush_ascii85_file } def
/cairo_set_page_size {
  % Change paper size, but only if different from previous paper size otherwise
  % duplex fails. PLRM specifies a tolerance of 5 pts when matching paper size
  % so we use the same when checking if the size changes.
  /setpagedevice where {
    pop currentpagedevice
    /PageSize known {
      2 copy
      currentpagedevice /PageSize get aload pop
      exch 4 1 roll
      sub abs 5 gt
      3 1 roll
      sub abs 5 gt
      or
    } {
      true
    } ifelse
    {
      2 array astore
      2 dict begin
        /PageSize exch def
        /ImagingBBox null def
      currentdict end
      setpagedevice
    } {
      pop pop
    } ifelse
  } {
    pop
  } ifelse
} def
%%EndProlog
%%BeginSetup
%%EndSetup
%%Page: 1 1
%%BeginPageSetup
%%PageMedia: Letter
%%PageBoundingBox: 14 104 597 687
612 792 cairo_set_page_size
%%EndPageSetup
q 14 104 583 583 rectclip
1 0 0 -1 0 792 cm q
1 g
14 105 583 583 re f*
0.00392157 0.0509804 0.929412 rg
1.5 w
1 J
1 j
[] 0.0 d
10 M q 0.0000000267949 1 1 -0.0000000267949 0 0 cm
487.875 58.473 m 486.523 62.168 l 485.168 65.863 l 483.816 69.559 l 482.469
 73.254 l 481.117 76.949 l 479.77 80.645 l 478.426 84.336 l 477.078 88.031
 l 475.734 91.727 l 474.395 95.422 l 473.051 99.117 l 471.711 102.812 l 
470.375 106.512 l 469.039 110.207 l 467.699 113.902 l 465.035 121.293 l S Q
q 0.0000000267949 1 1 -0.0000000267949 0 0 cm
465.035 121.293 m 461.223 128.91 l 459.32 132.715 l S Q
q 0.0000000267949 1 1 -0.0000000267949 0 0 cm
459.32 132.715 m 457.414 136.523 l 455.504 140.328 l 453.602 144.137 l 
451.699 147.941 l 449.797 151.75 l 447.898 155.559 l S Q
q 0.0000000267949 1 1 -0.0000000267949 0 0 cm
447.898 155.559 m 446.465 159.129 l 445.035 162.695 l 442.176 169.836 l
 440.75 173.402 l 437.898 180.543 l 436.477 184.113 l S Q
q 0.0000000267949 1 1 -0.0000000267949 0 0 cm
436.477 184.113 m 434.754 187.539 l 433.035 190.965 l 431.32 194.391 l 
429.602 197.816 l 427.891 201.242 l 426.176 204.668 l 424.465 208.098 l 
422.758 211.523 l 421.047 214.953 l 419.344 218.379 l S Q
q 0.0000000267949 1 1 -0.0000000267949 0 0 cm
419.344 218.379 m 417.191 221.949 l 412.902 229.082 l 410.758 232.652 l
 408.617 236.223 l 404.344 243.363 l 402.211 246.934 l S Q
q 0.0000000267949 1 1 -0.0000000267949 0 0 cm
402.211 246.934 m 399.348 249.785 l 396.484 252.641 l 393.625 255.492 l
 387.914 261.203 l 385.063 264.062 l 382.215 266.922 l 379.367 269.777 l
 S Q
q 0.0000000267949 1 1 -0.0000000267949 0 0 cm
379.367 269.777 m 379.367 304.043 l S Q
q 0.0000000267949 1 1 -0.0000000267949 0 0 cm
379.367 304.043 m 379.844 307.852 l 380.324 311.66 l 380.801 315.465 l 
381.754 323.082 l 382.23 326.887 l 382.707 330.695 l 383.18 334.504 l 383.656
 338.309 l 384.602 345.926 l 385.078 349.734 l S Q
q 0.0000000267949 1 1 -0.0000000267949 0 0 cm
385.078 349.734 m 385.078 389.711 l S Q
q 0.0000000267949 1 1 -0.0000000267949 0 0 cm
385.078 389.711 m 381.949 400.609 l 380.91 404.246 l 378.832 411.512 l 
377.793 415.148 l 376.758 418.781 l 375.723 422.418 l 374.688 426.051 l 
373.656 429.687 l S Q
q 0.0000000267949 1 1 -0.0000000267949 0 0 cm
373.656 429.687 m 374.473 433.766 l 375.293 437.844 l 376.109 441.926 l
 376.926 446.004 l 377.738 450.082 l 378.555 454.164 l 379.367 458.242 l
 S Q
58.473 489.918 m 58.062 489.875 l 57.68 489.758 l 57.336 489.566 l 57.031
 489.316 l 56.781 489.016 l 56.594 488.668 l 56.473 488.285 l 56.434 487.875
 l 56.473 487.465 l 56.594 487.082 l 56.781 486.738 l 57.031 486.434 l 57.336
 486.184 l 57.68 485.996 l 58.062 485.879 l 58.473 485.836 l 58.883 485.879
 l 59.266 485.996 l 59.613 486.184 l 59.914 486.434 l 60.164 486.738 l 60.352
 487.082 l 60.473 487.465 l 60.516 487.875 l 60.473 488.285 l 60.352 488.668
 l 60.164 489.016 l 59.914 489.316 l 59.613 489.566 l 59.266 489.758 l 58.883
 489.875 l 58.473 489.918 l f*
0.5 w
q 0.0000000267949 1 1 -0.0000000267949 0 0 cm
489.918 58.473 m 489.875 58.062 l 489.758 57.68 l 489.566 57.336 l 489.316
 57.031 l 489.016 56.781 l 488.668 56.594 l 488.285 56.473 l 487.875 56.434
 l 487.465 56.473 l 487.082 56.594 l 486.738 56.781 l 486.434 57.031 l 486.184
 57.336 l 485.996 57.68 l 485.879 58.062 l 485.836 58.473 l 485.879 58.883
 l 485.996 59.266 l 486.184 59.613 l 486.434 59.914 l 486.738 60.164 l 487.082
 60.352 l 487.465 60.473 l 487.875 60.516 l 488.285 60.473 l 488.668 60.352
 l 489.016 60.164 l 489.316 59.914 l 489.566 59.613 l 489.758 59.266 l 489.875
 58.883 l 489.918 58.473 l S Q
121.293 467.074 m 120.883 467.031 l 120.5 466.914 l 120.156 466.723 l 119.852
 466.473 l 119.602 466.172 l 119.414 465.824 l 119.293 465.441 l 119.254
 465.035 l 119.293 464.625 l 119.414 464.242 l 119.602 463.895 l 119.852
 463.594 l 120.156 463.344 l 120.5 463.152 l 120.883 463.035 l 121.293 462.992
 l 121.703 463.035 l 122.086 463.152 l 122.434 463.344 l 122.734 463.594
 l 122.984 463.895 l 123.172 464.242 l 123.293 464.625 l 123.336 465.035
 l 123.293 465.441 l 123.172 465.824 l 122.984 466.172 l 122.734 466.473
 l 122.434 466.723 l 122.086 466.914 l 121.703 467.031 l 121.293 467.074
 l f*
q 0.0000000267949 1 1 -0.0000000267949 0 0 cm
467.074 121.293 m 467.031 120.883 l 466.914 120.5 l 466.723 120.156 l 466.473
 119.852 l 466.172 119.602 l 465.824 119.414 l 465.441 119.293 l 465.035
 119.254 l 464.625 119.293 l 464.242 119.414 l 463.895 119.602 l 463.594
 119.852 l 463.344 120.156 l 463.152 120.5 l 463.035 120.883 l 462.992 121.293
 l 463.035 121.703 l 463.152 122.086 l 463.344 122.434 l 463.594 122.734
 l 463.895 122.984 l 464.242 123.172 l 464.625 123.293 l 465.035 123.336
 l 465.441 123.293 l 465.824 123.172 l 466.172 122.984 l 466.473 122.734
 l 466.723 122.434 l 466.914 122.086 l 467.031 121.703 l 467.074 121.293
 l S Q
132.715 461.363 m 132.305 461.32 l 131.922 461.199 l 131.578 461.012 l 
131.273 460.762 l 131.023 460.461 l 130.836 460.113 l 130.715 459.73 l 130.676
 459.32 l 130.715 458.91 l 130.836 458.527 l 131.023 458.184 l 131.273 457.879
 l 131.578 457.629 l 131.922 457.441 l 132.305 457.32 l 132.715 457.281 
l 133.125 457.32 l 133.508 457.441 l 133.855 457.629 l 134.156 457.879 l
 134.406 458.184 l 134.594 458.527 l 134.715 458.91 l 134.758 459.32 l 134.715
 459.73 l 134.594 460.113 l 134.406 460.461 l 134.156 460.762 l 133.855 
461.012 l 133.508 461.199 l 133.125 461.32 l 132.715 461.363 l f*
q 0.0000000267949 1 1 -0.0000000267949 0 0 cm
461.363 132.715 m 461.32 132.305 l 461.199 131.922 l 461.012 131.578 l 
460.762 131.273 l 460.461 131.023 l 460.113 130.836 l 459.73 130.715 l 459.32
 130.676 l 458.91 130.715 l 458.527 130.836 l 458.184 131.023 l 457.879 
131.273 l 457.629 131.578 l 457.441 131.922 l 457.32 132.305 l 457.281 132.715
 l 457.32 133.125 l 457.441 133.508 l 457.629 133.855 l 457.879 134.156 
l 458.184 134.406 l 458.527 134.594 l 458.91 134.715 l 459.32 134.758 l 
459.73 134.715 l 460.113 134.594 l 460.461 134.406 l 460.762 134.156 l 461.012
 133.855 l 461.199 133.508 l 461.32 133.125 l 461.363 132.715 l S Q
155.559 449.938 m 155.148 449.895 l 154.766 449.777 l 154.418 449.59 l 
154.117 449.34 l 153.867 449.035 l 153.68 448.691 l 153.559 448.309 l 153.52
 447.898 l 153.559 447.488 l 153.68 447.105 l 153.867 446.758 l 154.117 
446.457 l 154.418 446.207 l 154.766 446.016 l 155.148 445.898 l 155.559 
445.855 l 155.969 445.898 l 156.352 446.016 l 156.699 446.207 l 157 446.457
 l 157.25 446.758 l 157.438 447.105 l 157.559 447.488 l 157.598 447.898 
l 157.559 448.309 l 157.438 448.691 l 157.25 449.035 l 157 449.34 l 156.699
 449.59 l 156.352 449.777 l 155.969 449.895 l 155.559 449.938 l f*
q 0.0000000267949 1 1 -0.0000000267949 0 0 cm
449.938 155.559 m 449.895 155.148 l 449.777 154.766 l 449.59 154.418 l 
449.34 154.117 l 449.035 153.867 l 448.691 153.68 l 448.309 153.559 l 447.898
 153.52 l 447.488 153.559 l 447.105 153.68 l 446.758 153.867 l 446.457 154.117
 l 446.207 154.418 l 446.016 154.766 l 445.898 155.148 l 445.855 155.559
 l 445.898 155.969 l 446.016 156.352 l 446.207 156.699 l 446.457 157 l 446.758
 157.25 l 447.105 157.437 l 447.488 157.559 l 447.898 157.598 l 448.309 
157.559 l 448.691 157.437 l 449.035 157.25 l 449.34 157 l 449.59 156.699
 l 449.777 156.352 l 449.895 155.969 l 449.938 155.559 l S Q
184.113 438.516 m 183.703 438.477 l 183.32 438.355 l 182.977 438.168 l 
182.672 437.918 l 182.422 437.613 l 182.234 437.27 l 182.113 436.887 l 182.074
 436.477 l 182.113 436.066 l 182.234 435.684 l 182.422 435.336 l 182.672
 435.035 l 182.977 434.785 l 183.32 434.598 l 183.703 434.477 l 184.113 
434.434 l 184.523 434.477 l 184.906 434.598 l 185.254 434.785 l 185.555 
435.035 l 185.805 435.336 l 185.992 435.684 l 186.113 436.066 l 186.156 
436.477 l 186.113 436.887 l 185.992 437.27 l 185.805 437.613 l 185.555 437.918
 l 185.254 438.168 l 184.906 438.355 l 184.523 438.477 l 184.113 438.516
 l f*
q 0.0000000267949 1 1 -0.0000000267949 0 0 cm
438.516 184.113 m 438.477 183.703 l 438.355 183.32 l 438.168 182.977 l 
437.918 182.672 l 437.613 182.422 l 437.27 182.234 l 436.887 182.113 l 436.477
 182.074 l 436.066 182.113 l 435.684 182.234 l 435.336 182.422 l 435.035
 182.672 l 434.785 182.977 l 434.598 183.32 l 434.477 183.703 l 434.434 
184.113 l 434.477 184.523 l 434.598 184.906 l 434.785 185.254 l 435.035 
185.555 l 435.336 185.805 l 435.684 185.992 l 436.066 186.113 l 436.477 
186.156 l 436.887 186.113 l 437.27 185.992 l 437.613 185.805 l 437.918 185.555
 l 438.168 185.254 l 438.355 184.906 l 438.477 184.523 l 438.516 184.113
 l S Q
218.379 421.383 m 217.969 421.34 l 217.586 421.223 l 217.242 421.031 l 
216.938 420.785 l 216.688 420.48 l 216.5 420.133 l 216.379 419.754 l 216.34
 419.344 l 216.379 418.934 l 216.5 418.551 l 216.688 418.203 l 216.938 417.902
 l 217.242 417.652 l 217.586 417.461 l 217.969 417.344 l 218.379 417.301
 l 218.789 417.344 l 219.172 417.461 l 219.52 417.652 l 219.82 417.902 l
 220.07 418.203 l 220.258 418.551 l 220.379 418.934 l 220.422 419.344 l 
220.379 419.754 l 220.258 420.133 l 220.07 420.48 l 219.82 420.785 l 219.52
 421.031 l 219.172 421.223 l 218.789 421.34 l 218.379 421.383 l f*
q 0.0000000267949 1 1 -0.0000000267949 0 0 cm
421.383 218.379 m 421.34 217.969 l 421.223 217.586 l 421.031 217.242 l 
420.785 216.937 l 420.48 216.687 l 420.133 216.5 l 419.754 216.379 l 419.344
 216.34 l 418.934 216.379 l 418.551 216.5 l 418.203 216.687 l 417.902 216.937
 l 417.652 217.242 l 417.461 217.586 l 417.344 217.969 l 417.301 218.379
 l 417.344 218.789 l 417.461 219.172 l 417.652 219.52 l 417.902 219.82 l
 418.203 220.07 l 418.551 220.258 l 418.934 220.379 l 419.344 220.422 l 
419.754 220.379 l 420.133 220.258 l 420.48 220.07 l 420.785 219.82 l 421.031
 219.52 l 421.223 219.172 l 421.34 218.789 l 421.383 218.379 l S Q
246.934 404.25 m 246.523 404.211 l 246.141 404.09 l 245.797 403.902 l 245.492
 403.652 l 245.242 403.348 l 245.055 403.004 l 244.938 402.621 l 244.895
 402.211 l 244.938 401.801 l 245.055 401.418 l 245.242 401.07 l 245.492 
400.77 l 245.797 400.52 l 246.141 400.332 l 246.523 400.211 l 246.934 400.168
 l 247.344 400.211 l 247.727 400.332 l 248.074 400.52 l 248.375 400.77 l
 248.625 401.07 l 248.816 401.418 l 248.934 401.801 l 248.977 402.211 l 
248.934 402.621 l 248.816 403.004 l 248.625 403.348 l 248.375 403.652 l 
248.074 403.902 l 247.727 404.09 l 247.344 404.211 l 246.934 404.25 l f*
q 0.0000000267949 1 1 -0.0000000267949 0 0 cm
404.25 246.934 m 404.211 246.523 l 404.09 246.141 l 403.902 245.797 l 403.652
 245.492 l 403.348 245.242 l 403.004 245.055 l 402.621 244.937 l 402.211
 244.895 l 401.801 244.937 l 401.418 245.055 l 401.07 245.242 l 400.77 245.492
 l 400.52 245.797 l 400.332 246.141 l 400.211 246.523 l 400.168 246.934 
l 400.211 247.344 l 400.332 247.727 l 400.52 248.074 l 400.77 248.375 l 
401.07 248.625 l 401.418 248.816 l 401.801 248.934 l 402.211 248.977 l 402.621
 248.934 l 403.004 248.816 l 403.348 248.625 l 403.652 248.375 l 403.902
 248.074 l 404.09 247.727 l 404.211 247.344 l 404.25 246.934 l S Q
269.777 381.406 m 269.371 381.363 l 268.988 381.246 l 268.641 381.059 l
 268.34 380.809 l 268.09 380.504 l 267.898 380.16 l 267.781 379.777 l 267.738
 379.367 l 267.781 378.957 l 267.898 378.574 l 268.09 378.227 l 268.34 377.926
 l 268.641 377.676 l 268.988 377.488 l 269.371 377.367 l 269.777 377.324
 l 270.188 377.367 l 270.57 377.488 l 270.918 377.676 l 271.219 377.926 
l 271.469 378.227 l 271.66 378.574 l 271.777 378.957 l 271.82 379.367 l 
271.777 379.777 l 271.66 380.16 l 271.469 380.504 l 271.219 380.809 l 270.918
 381.059 l 270.57 381.246 l 270.188 381.363 l 269.777 381.406 l f*
q 0.0000000267949 1 1 -0.0000000267949 0 0 cm
381.406 269.777 m 381.363 269.371 l 381.246 268.988 l 381.059 268.641 l
 380.809 268.34 l 380.504 268.09 l 380.16 267.898 l 379.777 267.781 l 379.367
 267.738 l 378.957 267.781 l 378.574 267.898 l 378.227 268.09 l 377.926 
268.34 l 377.676 268.641 l 377.488 268.988 l 377.367 269.371 l 377.324 269.777
 l 377.367 270.187 l 377.488 270.57 l 377.676 270.918 l 377.926 271.219 
l 378.227 271.469 l 378.574 271.66 l 378.957 271.777 l 379.367 271.82 l 
379.777 271.777 l 380.16 271.66 l 380.504 271.469 l 380.809 271.219 l 381.059
 270.918 l 381.246 270.57 l 381.363 270.187 l 381.406 269.777 l S Q
304.043 381.406 m 303.633 381.367 l 303.254 381.246 l 302.906 381.059 l
 302.602 380.809 l 302.352 380.504 l 302.164 380.16 l 302.047 379.777 l 
302.004 379.367 l 302.047 378.957 l 302.164 378.574 l 302.352 378.227 l 
302.602 377.926 l 302.906 377.676 l 303.254 377.488 l 303.633 377.367 l 
304.043 377.324 l 304.453 377.367 l 304.836 377.488 l 305.184 377.676 l 
305.484 377.926 l 305.734 378.227 l 305.926 378.574 l 306.043 378.957 l 
306.086 379.367 l 306.043 379.777 l 305.926 380.16 l 305.734 380.504 l 305.484
 380.809 l 305.184 381.059 l 304.836 381.246 l 304.453 381.367 l 304.043
 381.406 l f*
q 0.0000000267949 1 1 -0.0000000267949 0 0 cm
381.406 304.043 m 381.367 303.633 l 381.246 303.254 l 381.059 302.906 l
 380.809 302.602 l 380.504 302.352 l 380.16 302.164 l 379.777 302.047 l 
379.367 302.004 l 378.957 302.047 l 378.574 302.164 l 378.227 302.352 l 
377.926 302.602 l 377.676 302.906 l 377.488 303.254 l 377.367 303.633 l 
377.324 304.043 l 377.367 304.453 l 377.488 304.836 l 377.676 305.184 l 
377.926 305.484 l 378.227 305.734 l 378.574 305.926 l 378.957 306.043 l 
379.367 306.086 l 379.777 306.043 l 380.16 305.926 l 380.504 305.734 l 380.809
 305.484 l 381.059 305.184 l 381.246 304.836 l 381.367 304.453 l 381.406
 304.043 l S Q
349.734 387.117 m 349.324 387.074 l 348.941 386.957 l 348.594 386.766 l
 348.293 386.52 l 348.043 386.215 l 347.855 385.867 l 347.734 385.484 l 
347.691 385.078 l 347.734 384.668 l 347.855 384.285 l 348.043 383.938 l 
348.293 383.637 l 348.594 383.387 l 348.941 383.195 l 349.324 383.078 l 
349.734 383.035 l 350.145 383.078 l 350.527 383.195 l 350.871 383.387 l 
351.176 383.637 l 351.426 383.938 l 351.613 384.285 l 351.734 384.668 l 
351.773 385.078 l 351.734 385.484 l 351.613 385.867 l 351.426 386.215 l 
351.176 386.52 l 350.871 386.766 l 350.527 386.957 l 350.145 387.074 l 349.734
 387.117 l f*
q 0.0000000267949 1 1 -0.0000000267949 0 0 cm
387.117 349.734 m 387.074 349.324 l 386.957 348.941 l 386.766 348.594 l
 386.52 348.293 l 386.215 348.043 l 385.867 347.855 l 385.484 347.734 l 
385.078 347.691 l 384.668 347.734 l 384.285 347.855 l 383.938 348.043 l 
383.637 348.293 l 383.387 348.594 l 383.195 348.941 l 383.078 349.324 l 
383.035 349.734 l 383.078 350.145 l 383.195 350.527 l 383.387 350.871 l 
383.637 351.176 l 383.938 351.426 l 384.285 351.613 l 384.668 351.734 l 
385.078 351.773 l 385.484 351.734 l 385.867 351.613 l 386.215 351.426 l 
386.52 351.176 l 386.766 350.871 l 386.957 350.527 l 387.074 350.145 l 387.117
 349.734 l S Q
389.711 387.117 m 389.301 387.078 l 388.918 386.957 l 388.57 386.77 l 388.27
 386.52 l 388.02 386.215 l 387.832 385.871 l 387.711 385.488 l 387.668 385.078
 l 387.711 384.668 l 387.832 384.285 l 388.02 383.938 l 388.27 383.637 l
 388.57 383.387 l 388.918 383.199 l 389.301 383.078 l 389.711 383.035 l 
390.121 383.078 l 390.504 383.199 l 390.848 383.387 l 391.152 383.637 l 
391.402 383.938 l 391.59 384.285 l 391.711 384.668 l 391.75 385.078 l 391.711
 385.488 l 391.59 385.871 l 391.402 386.215 l 391.152 386.52 l 390.848 386.77
 l 390.504 386.957 l 390.121 387.078 l 389.711 387.117 l f*
q 0.0000000267949 1 1 -0.0000000267949 0 0 cm
387.117 389.711 m 387.078 389.301 l 386.957 388.918 l 386.77 388.57 l 386.52
 388.27 l 386.215 388.02 l 385.871 387.832 l 385.488 387.711 l 385.078 387.668
 l 384.668 387.711 l 384.285 387.832 l 383.938 388.02 l 383.637 388.27 l
 383.387 388.57 l 383.199 388.918 l 383.078 389.301 l 383.035 389.711 l 
383.078 390.121 l 383.199 390.504 l 383.387 390.848 l 383.637 391.152 l 
383.938 391.402 l 384.285 391.59 l 384.668 391.711 l 385.078 391.75 l 385.488
 391.711 l 385.871 391.59 l 386.215 391.402 l 386.52 391.152 l 386.77 390.848
 l 386.957 390.504 l 387.078 390.121 l 387.117 389.711 l S Q
429.688 375.695 m 429.277 375.656 l 428.895 375.535 l 428.551 375.348 l
 428.246 375.098 l 427.996 374.793 l 427.809 374.449 l 427.688 374.066 l
 427.648 373.656 l 427.688 373.246 l 427.809 372.863 l 427.996 372.516 l
 428.246 372.215 l 428.551 371.965 l 428.895 371.777 l 429.277 371.656 l
 429.688 371.613 l 430.098 371.656 l 430.48 371.777 l 430.828 371.965 l 
431.129 372.215 l 431.379 372.516 l 431.566 372.863 l 431.688 373.246 l 
431.73 373.656 l 431.688 374.066 l 431.566 374.449 l 431.379 374.793 l 431.129
 375.098 l 430.828 375.348 l 430.48 375.535 l 430.098 375.656 l 429.688 
375.695 l f*
q 0.0000000267949 1 1 -0.0000000267949 0 0 cm
375.695 429.687 m 375.656 429.277 l 375.535 428.895 l 375.348 428.551 l
 375.098 428.246 l 374.793 427.996 l 374.449 427.809 l 374.066 427.687 l
 373.656 427.648 l 373.246 427.687 l 372.863 427.809 l 372.516 427.996 l
 372.215 428.246 l 371.965 428.551 l 371.777 428.895 l 371.656 429.277 l
 371.613 429.687 l 371.656 430.098 l 371.777 430.48 l 371.965 430.828 l 
372.215 431.129 l 372.516 431.379 l 372.863 431.566 l 373.246 431.687 l 
373.656 431.73 l 374.066 431.687 l 374.449 431.566 l 374.793 431.379 l 375.098
 431.129 l 375.348 430.828 l 375.535 430.48 l 375.656 430.098 l 375.695 
429.687 l S Q
458.242 381.406 m 457.832 381.367 l 457.453 381.246 l 457.105 381.059 l
 456.801 380.809 l 456.555 380.504 l 456.363 380.16 l 456.246 379.777 l 
456.203 379.367 l 456.246 378.957 l 456.363 378.574 l 456.555 378.227 l 
456.801 377.926 l 457.105 377.676 l 457.453 377.488 l 457.832 377.367 l 
458.242 377.324 l 458.652 377.367 l 459.035 377.488 l 459.383 377.676 l 
459.684 377.926 l 459.934 378.227 l 460.125 378.574 l 460.242 378.957 l 
460.285 379.367 l 460.242 379.777 l 460.125 380.16 l 459.934 380.504 l 459.684
 380.809 l 459.383 381.059 l 459.035 381.246 l 458.652 381.367 l 458.242
 381.406 l f*
q 0.0000000267949 1 1 -0.0000000267949 0 0 cm
381.406 458.242 m 381.367 457.832 l 381.246 457.453 l 381.059 457.105 l
 380.809 456.801 l 380.504 456.555 l 380.16 456.363 l 379.777 456.246 l 
379.367 456.203 l 378.957 456.246 l 378.574 456.363 l 378.227 456.555 l 
377.926 456.801 l 377.676 457.105 l 377.488 457.453 l 377.367 457.832 l 
377.324 458.242 l 377.367 458.652 l 377.488 459.035 l 377.676 459.383 l 
377.926 459.684 l 378.227 459.934 l 378.574 460.125 l 378.957 460.242 l 
379.367 460.285 l 379.777 460.242 l 380.16 460.125 l 380.504 459.934 l 380.809
 459.684 l 381.059 459.383 l 381.246 459.035 l 381.367 458.652 l 381.406
 458.242 l S Q
0 g
q 0.0000000267949 1 1 -0.0000000267949 0 0 cm
293.438 35.617 m 296.145 38.926 l 299.754 46.613 l 301.25 52.93 l 301.266
 55.047 l 300.59 57.164 l 300.609 58.57 l 302.086 64.176 l 306.41 73.941
 l 307.832 77.43 l 307.191 82.34 l 305.164 86.574 l 301.07 93.621 l 299.043
 99.262 l 297.672 101.359 l 306.836 108.922 l 316.586 110.203 l 317.883 
100.418 l 317.813 94.117 l 319.879 92 l 327.617 99.617 l S Q
q 0.0000000267949 1 1 -0.0000000267949 0 0 cm
327.617 99.617 m 329.789 107.98 l 330.555 115.664 l 334.059 118.406 l 341.781
 127.406 l 348.059 131.555 l 351.547 137.07 l 355.035 141.234 l 359.945 
153.012 l 360.676 160.625 l 363.488 168.934 l 367.633 175.84 l 372.488 180.66
 l 378.039 189.629 l 385.602 198.578 l 393.859 211.672 l 400.051 215.781
 l 405.531 208.219 l 410.352 205.48 l 415.832 215.801 l 417.879 222.008 
l 417.164 230.266 l 417.129 241.902 l 421.879 246.723 l 423.891 258.359 
l 424.566 262.469 l 423.18 266.562 l 421.133 269.285 l 418.395 274.051 l
 419.07 277.469 l 431.969 280.922 l 438.07 285.047 l 440.117 280.957 l 440.777
 285.066 l 441.434 291.879 l 441.398 297.309 l 441.363 302.77 l 440.652 
307.52 l 435.242 305.422 l 423.055 299.266 l 419 299.941 l 429.141 305.402
 l 437.91 313.605 l 445.277 322.465 l 451.344 327.25 l 446.594 329.262 l
 437.824 329.191 l 429.691 332.52 l 423.59 335.879 l 420.207 342.66 l S Q
q 0.0000000267949 1 1 -0.0000000267949 0 0 cm
420.207 342.66 m 410.066 351.414 l 400.656 354.102 l 389.871 349.383 l 
377.754 343.992 l 364.98 350.113 l 351.531 354.242 l 340.695 346.199 l 350.215
 358.977 l 362.313 360.934 l 379.801 360.859 l 392.578 368.922 l 396.617
 374.988 l 397.949 375.645 l 405.316 380.379 l 417.398 384.418 l 428.73 
395.875 l 444.781 396.625 l 445.418 402.016 l 437.305 416.676 l 427.93 427.992
 l 412.594 436.621 l 401.258 449.93 l 387.328 459.234 l 375.406 460.586 
l 372.117 469.215 l 366.832 473.219 l 353.574 469.98 l 338.328 467.437 l
 338.383 474.074 l 353.613 477.277 l 367.523 479.855 l 381.387 475.176 l
 395.281 465.871 l 407.879 465.211 l 423.125 460.605 l 435.102 455.336 l
 443.746 451.406 l 444.387 454.75 l 439.016 463.344 l 431.684 474.59 l 427.039
 477.879 l 419.746 485.141 l 412.469 492.418 l 411.117 503.625 l 396.617
 510.227 l 386.742 524.727 l 386.242 526.773 l S Q
q 0.0000000267949 1 1 -0.0000000267949 0 0 cm
676.273 526.719 m 116.707 526.719 l 116.707 35.672 l 676.273 35.672 l 676.273
 526.719 l S Q
575.035 276.461 m 575.035 294.414 l 571.094 294.414 l 571.094 287.883 l
 552.523 287.883 l 552.523 283.27 l 571.094 283.27 l 571.094 276.461 l 575.035
 276.461 l f*
569.18 295.09 m 569.18 299.93 l 557.082 303.586 l 569.18 307.02 l 569.18
 311.52 l 549.035 304.488 l 548.617 304.34 l 548.23 304.172 l 547.871 303.98
 l 547.543 303.77 l 547.242 303.535 l 546.969 303.273 l 546.727 302.988 
l 546.508 302.68 l 546.32 302.34 l 546.156 301.973 l 546.02 301.578 l 545.906
 301.156 l 545.82 300.699 l 545.762 300.211 l 545.715 299.141 l 545.77 298.52
 l 545.824 297.957 l 545.883 297.508 l 549.145 297.508 l 549.035 297.91 
l 548.965 298.316 l 548.938 298.719 l 548.957 299.113 l 549.031 299.496 
l 549.172 299.867 l 549.375 300.219 l 549.652 300.547 l 550.168 300.902 
l 550.633 301.137 l 551.059 301.266 l 551.461 301.309 l 551.855 301.273 
l 552.258 301.18 l 553.141 300.883 l 569.18 295.09 l f*
569.125 313.828 m 569.125 318.105 l 566.762 318.105 l 567.125 318.344 l
 567.461 318.594 l 567.77 318.855 l 568.047 319.129 l 568.523 319.699 l 
568.898 320.301 l 569.18 320.922 l 569.371 321.555 l 569.484 322.195 l 569.52
 322.832 l 569.492 323.363 l 569.406 323.922 l 569.258 324.496 l 569.047
 325.078 l 568.77 325.66 l 568.426 326.234 l 568.012 326.793 l 567.52 327.328
 l 566.953 327.832 l 566.309 328.293 l 565.582 328.703 l 564.77 329.062 
l 563.871 329.352 l 562.883 329.57 l 561.801 329.707 l 560.625 329.754 l
 560.625 325.477 l 561.082 325.461 l 561.543 325.41 l 562.004 325.328 l 
562.457 325.215 l 562.898 325.074 l 563.328 324.902 l 563.738 324.703 l 
564.125 324.48 l 564.48 324.23 l 564.805 323.957 l 565.09 323.66 l 565.336
 323.34 l 565.535 323.004 l 565.68 322.645 l 565.773 322.27 l 565.805 321.875
 l 565.777 321.5 l 565.703 321.133 l 565.582 320.777 l 565.414 320.434 l
 565.203 320.105 l 564.953 319.793 l 564.66 319.5 l 564.336 319.23 l 563.973
 318.984 l 563.574 318.766 l 563.148 318.57 l 562.695 318.41 l 562.211 318.281
 l 561.707 318.184 l 561.176 318.125 l 560.625 318.105 l 560.051 318.125
 l 559.5 318.188 l 558.98 318.285 l 558.488 318.418 l 558.031 318.582 l 
557.605 318.777 l 557.211 319.004 l 556.855 319.254 l 556.539 319.523 l 
556.258 319.816 l 556.016 320.129 l 555.816 320.457 l 555.656 320.797 l 
555.543 321.148 l 555.473 321.508 l 555.449 321.875 l 555.477 322.223 l 
555.559 322.562 l 555.691 322.898 l 555.871 323.223 l 556.094 323.535 l 
556.359 323.832 l 556.664 324.113 l 557.004 324.375 l 557.375 324.613 l 
557.777 324.828 l 558.203 325.016 l 558.656 325.176 l 559.125 325.305 l 
559.613 325.398 l 560.113 325.457 l 560.625 325.477 l 560.625 329.754 l 
559.602 329.719 l 558.633 329.609 l 557.727 329.43 l 556.883 329.188 l 556.098
 328.887 l 555.375 328.531 l 554.719 328.121 l 554.125 327.664 l 553.602
 327.168 l 553.141 326.629 l 552.75 326.059 l 552.43 325.457 l 552.176 324.832
 l 551.992 324.18 l 551.883 323.512 l 551.848 322.832 l 551.879 322.055 
l 551.984 321.359 l 552.164 320.73 l 552.43 320.152 l 552.789 319.617 l 
553.25 319.105 l 553.812 318.605 l 554.492 318.105 l 545.824 318.105 l 545.824
 313.828 l 569.125 313.828 l f*
575.035 332.961 m 575.035 337.297 l 566.816 337.297 l 567.137 337.5 l 567.434
 337.723 l 567.715 337.969 l 567.977 338.238 l 568.438 338.82 l 568.82 339.461
 l 569.125 340.145 l 569.344 340.859 l 569.473 341.582 l 569.52 342.305 
l 569.492 342.855 l 569.41 343.387 l 569.277 343.902 l 569.098 344.391 l
 568.875 344.852 l 568.609 345.289 l 568.309 345.695 l 567.973 346.07 l 
567.602 346.406 l 567.203 346.707 l 566.781 346.969 l 566.336 347.188 l 
565.875 347.363 l 565.395 347.488 l 564.898 347.566 l 564.398 347.594 l 
552.523 347.594 l 552.523 343.262 l 563.215 343.262 l 563.715 343.195 l 
564.191 343.047 l 564.629 342.816 l 565.016 342.508 l 565.34 342.133 l 565.477
 341.918 l 565.59 341.688 l 565.68 341.441 l 565.75 341.18 l 565.789 340.906
 l 565.805 340.617 l 565.789 340.301 l 565.738 339.988 l 565.66 339.684 
l 565.555 339.387 l 565.422 339.098 l 565.266 338.824 l 564.891 338.324 
l 564.676 338.102 l 564.445 337.902 l 564.203 337.727 l 563.953 337.578 
l 563.691 337.457 l 563.422 337.371 l 563.152 337.316 l 562.879 337.297 
l 552.523 337.297 l 552.523 332.961 l 575.035 332.961 l f*
569.52 359.133 m 569.477 359.922 l 569.348 360.699 l 569.137 361.461 l 
568.852 362.203 l 568.488 362.922 l 568.059 363.605 l 567.562 364.25 l 567
 364.852 l 566.379 365.402 l 565.703 365.898 l 564.977 366.336 l 564.199
 366.707 l 563.379 367.004 l 562.516 367.223 l 561.617 367.359 l 560.684
 367.406 l 560.684 363.016 l 561.289 362.992 l 561.863 362.926 l 562.406
 362.816 l 562.91 362.668 l 563.383 362.488 l 563.816 362.277 l 564.215 
362.035 l 564.574 361.77 l 564.895 361.48 l 565.176 361.176 l 565.414 360.855
 l 565.613 360.523 l 565.77 360.18 l 565.883 359.832 l 565.949 359.48 l 
565.973 359.133 l 565.949 358.781 l 565.883 358.434 l 565.77 358.082 l 565.613
 357.742 l 565.414 357.406 l 565.176 357.086 l 564.895 356.781 l 564.574
 356.492 l 564.215 356.227 l 563.816 355.988 l 563.383 355.773 l 562.91 
355.594 l 562.406 355.449 l 561.863 355.34 l 561.289 355.273 l 560.684 355.25
 l 560.078 355.273 l 559.504 355.34 l 558.961 355.449 l 558.457 355.594 
l 557.984 355.773 l 557.551 355.988 l 557.152 356.227 l 556.793 356.492 
l 556.473 356.781 l 556.191 357.086 l 555.953 357.406 l 555.754 357.742 
l 555.598 358.082 l 555.484 358.434 l 555.414 358.781 l 555.395 359.133 
l 555.414 359.48 l 555.484 359.832 l 555.598 360.18 l 555.754 360.523 l 
555.953 360.855 l 556.191 361.176 l 556.473 361.48 l 556.793 361.77 l 557.152
 362.035 l 557.551 362.277 l 557.984 362.488 l 558.457 362.668 l 558.961
 362.816 l 559.504 362.926 l 560.078 362.992 l 560.684 363.016 l 560.684
 367.406 l 559.75 367.359 l 558.848 367.223 l 557.988 367.004 l 557.164 
366.707 l 556.391 366.336 l 555.66 365.898 l 554.984 365.402 l 554.367 364.852
 l 553.805 364.25 l 553.309 363.605 l 552.875 362.922 l 552.516 362.203 
l 552.23 361.461 l 552.02 360.699 l 551.891 359.922 l 551.848 359.133 l 
551.891 358.344 l 552.02 357.566 l 552.23 356.801 l 552.516 356.059 l 552.875
 355.344 l 553.309 354.66 l 553.805 354.016 l 554.367 353.414 l 554.984 
352.859 l 555.66 352.363 l 556.391 351.926 l 557.164 351.559 l 557.988 351.262
 l 558.848 351.043 l 559.75 350.906 l 560.684 350.859 l 561.617 350.906 
l 562.516 351.043 l 563.379 351.262 l 564.199 351.559 l 564.977 351.926 
l 565.703 352.363 l 566.379 352.859 l 567 353.414 l 567.562 354.016 l 568.059
 354.66 l 568.488 355.344 l 568.852 356.059 l 569.137 356.801 l 569.348 
357.566 l 569.477 358.344 l 569.52 359.133 l f*
569.52 377.984 m 569.477 378.773 l 569.348 379.551 l 569.137 380.316 l 
568.852 381.059 l 568.488 381.773 l 568.059 382.457 l 567.562 383.102 l 
567 383.703 l 566.379 384.258 l 565.703 384.754 l 564.977 385.188 l 564.199
 385.559 l 563.379 385.855 l 562.516 386.074 l 561.617 386.211 l 560.684
 386.258 l 560.684 381.867 l 561.289 381.844 l 561.863 381.777 l 562.406
 381.668 l 562.91 381.523 l 563.383 381.34 l 563.816 381.129 l 564.215 380.887
 l 564.574 380.621 l 564.895 380.336 l 565.176 380.031 l 565.414 379.707
 l 565.613 379.375 l 565.77 379.031 l 565.883 378.684 l 565.949 378.336 
l 565.973 377.984 l 565.949 377.637 l 565.883 377.285 l 565.77 376.938 l
 565.613 376.594 l 565.414 376.262 l 565.176 375.941 l 564.895 375.633 l
 564.574 375.348 l 564.215 375.082 l 563.816 374.84 l 563.383 374.629 l 
562.91 374.445 l 562.406 374.301 l 561.863 374.191 l 561.289 374.125 l 560.684
 374.102 l 560.078 374.125 l 559.504 374.191 l 558.961 374.301 l 558.457
 374.445 l 557.984 374.629 l 557.551 374.84 l 557.152 375.082 l 556.793 
375.348 l 556.473 375.633 l 556.191 375.941 l 555.953 376.262 l 555.754 
376.594 l 555.598 376.938 l 555.484 377.285 l 555.414 377.637 l 555.395 
377.984 l 555.414 378.336 l 555.484 378.684 l 555.598 379.031 l 555.754 
379.375 l 555.953 379.707 l 556.191 380.031 l 556.473 380.336 l 556.793 
380.621 l 557.152 380.887 l 557.551 381.129 l 557.984 381.34 l 558.457 381.523
 l 558.961 381.668 l 559.504 381.777 l 560.078 381.844 l 560.684 381.867
 l 560.684 386.258 l 559.75 386.211 l 558.848 386.074 l 557.988 385.855 
l 557.164 385.559 l 556.391 385.188 l 555.66 384.754 l 554.984 384.258 l
 554.367 383.703 l 553.805 383.102 l 553.309 382.457 l 552.875 381.773 l
 552.516 381.059 l 552.23 380.316 l 552.02 379.551 l 551.891 378.773 l 551.848
 377.984 l 551.891 377.195 l 552.02 376.418 l 552.23 375.652 l 552.516 374.91
 l 552.875 374.195 l 553.309 373.512 l 553.805 372.867 l 554.367 372.266
 l 554.984 371.715 l 555.66 371.215 l 556.391 370.781 l 557.164 370.41 l
 557.988 370.113 l 558.848 369.895 l 559.75 369.758 l 560.684 369.711 l 
561.617 369.758 l 562.516 369.895 l 563.379 370.113 l 564.199 370.41 l 564.977
 370.781 l 565.703 371.215 l 566.379 371.715 l 567 372.266 l 567.562 372.867
 l 568.059 373.512 l 568.488 374.195 l 568.852 374.91 l 569.137 375.652 
l 569.348 376.418 l 569.477 377.195 l 569.52 377.984 l f*
569.18 389.352 m 569.18 393.688 l 566.816 393.688 l 567.516 394.223 l 568.094
 394.777 l 568.562 395.359 l 568.93 395.965 l 569.199 396.605 l 569.383 
397.277 l 569.484 397.992 l 569.52 398.75 l 569.504 399.176 l 569.449 399.617
 l 569.363 400.07 l 569.242 400.531 l 569.082 400.988 l 568.879 401.441 
l 568.641 401.883 l 568.359 402.305 l 568.031 402.699 l 567.664 403.062 
l 567.25 403.387 l 566.789 403.664 l 566.281 403.895 l 565.723 404.066 l
 565.113 404.172 l 564.453 404.211 l 552.523 404.211 l 552.523 399.875 l
 563.383 399.875 l 563.691 399.852 l 563.973 399.801 l 564.234 399.727 l
 564.477 399.629 l 564.695 399.508 l 564.891 399.367 l 565.07 399.207 l 
565.227 399.031 l 565.484 398.633 l 565.664 398.184 l 565.77 397.691 l 565.805
 397.176 l 565.789 396.875 l 565.746 396.574 l 565.582 395.965 l 565.32 
395.379 l 565.156 395.102 l 564.969 394.84 l 564.758 394.598 l 564.531 394.375
 l 564.285 394.18 l 564.023 394.008 l 563.746 393.871 l 563.449 393.77 l
 563.145 393.707 l 562.82 393.688 l 552.523 393.688 l 552.523 389.352 l 
569.18 389.352 l f*
575.035 417.324 m 575.035 421.938 l 556.461 421.938 l 556.461 432.688 l
 552.523 432.688 l 552.523 417.324 l 575.035 417.324 l f*
571.152 435.668 3.883 4.336 re f*
552.523 435.668 16.656 4.336 re f*
575.371 454.352 m 575.332 455.281 l 575.207 456.227 l 575 457.172 l 574.707
 458.117 l 574.324 459.043 l 573.852 459.941 l 573.289 460.805 l 572.969
 461.219 l 572.629 461.621 l 572.262 462.008 l 571.871 462.379 l 571.457
 462.734 l 571.02 463.07 l 570.555 463.387 l 570.066 463.68 l 569.551 463.957
 l 569.008 464.207 l 568.441 464.434 l 567.848 464.633 l 567.227 464.805
 l 566.582 464.949 l 565.906 465.062 l 565.207 465.145 l 564.477 465.195
 l 563.723 465.215 l 563.723 460.543 l 564.688 460.504 l 565.586 460.395
 l 566.414 460.219 l 567.176 459.98 l 567.867 459.688 l 568.496 459.344 
l 569.059 458.957 l 569.562 458.531 l 570 458.074 l 570.379 457.586 l 570.695
 457.078 l 570.957 456.555 l 571.156 456.02 l 571.305 455.48 l 571.395 454.941
 l 571.434 454.41 l 571.402 453.855 l 571.316 453.297 l 571.168 452.742 
l 570.961 452.191 l 570.695 451.652 l 570.367 451.129 l 569.977 450.629 
l 569.527 450.16 l 569.012 449.727 l 568.434 449.328 l 567.793 448.98 l 
567.086 448.68 l 566.316 448.438 l 565.48 448.258 l 564.578 448.145 l 563.609
 448.105 l 562.852 448.121 l 562.109 448.188 l 561.379 448.305 l 560.668
 448.473 l 559.988 448.691 l 559.336 448.957 l 558.723 449.273 l 558.152
 449.641 l 557.625 450.055 l 557.156 450.52 l 556.742 451.027 l 556.391 
451.59 l 556.109 452.195 l 555.902 452.848 l 555.773 453.551 l 555.73 454.297
 l 555.766 455.234 l 555.809 455.605 l 555.871 455.93 l 555.957 456.223 
l 556.062 456.496 l 556.352 457.055 l 558.656 454.633 l 561.078 457.055 
l 558.715 459.586 l 559.199 459.84 l 559.703 460.043 l 560.23 460.211 l 
560.797 460.34 l 561.414 460.434 l 562.102 460.496 l 562.863 460.531 l 563.723
 460.543 l 563.723 465.215 l 562.961 465.199 l 562.242 465.152 l 561.562
 465.082 l 560.922 464.984 l 560.316 464.867 l 559.75 464.727 l 558.715 
464.398 l 557.805 464.016 l 557.012 463.602 l 556.324 463.168 l 555.73 462.738
 l 553.367 465.215 l 550.945 462.793 l 553.367 460.207 l 553.09 459.746 
l 552.812 459.203 l 552.547 458.582 l 552.305 457.883 l 552.098 457.105 
l 551.934 456.25 l 551.828 455.312 l 551.793 454.297 l 551.809 453.629 l
 551.855 452.98 l 551.938 452.355 l 552.051 451.75 l 552.191 451.168 l 552.363
 450.609 l 552.559 450.07 l 552.785 449.555 l 553.035 449.059 l 553.309 
448.586 l 553.609 448.137 l 553.93 447.707 l 554.273 447.297 l 554.641 446.91
 l 555.023 446.543 l 555.43 446.199 l 555.852 445.875 l 556.289 445.574 
l 557.215 445.035 l 558.195 444.578 l 559.223 444.207 l 560.293 443.918 
l 561.395 443.711 l 562.523 443.59 l 563.664 443.547 l 564.387 443.562 l
 565.086 443.613 l 565.762 443.691 l 566.414 443.797 l 567.043 443.934 l
 567.652 444.098 l 568.234 444.285 l 568.797 444.5 l 569.332 444.738 l 569.848
 445 l 570.34 445.281 l 570.809 445.586 l 571.254 445.91 l 571.676 446.254
 l 572.074 446.613 l 572.453 446.988 l 572.805 447.379 l 573.137 447.785
 l 573.73 448.633 l 574.23 449.527 l 574.641 450.457 l 574.961 451.414 l
 575.188 452.387 l 575.324 453.367 l 575.371 454.352 l f*
571.152 468.195 3.883 4.336 re f*
552.523 468.195 16.656 4.336 re f*
575.035 476.809 m 575.035 483.73 l 557.195 487.727 l 575.035 491.723 l 
575.035 498.754 l 552.523 498.754 l 552.523 494.367 l 571.602 494.367 l 
552.523 490.031 l 552.523 485.418 l 571.602 481.027 l 552.523 481.027 l 
552.523 476.809 l 575.035 476.809 l f*
563.723 505.734 m 563.723 501.57 l 564.5 501.672 l 565.215 501.832 l 565.863
 502.047 l 566.449 502.312 l 566.977 502.629 l 567.445 502.992 l 567.859
 503.398 l 568.223 503.848 l 568.539 504.336 l 568.801 504.863 l 569.023
 505.426 l 569.199 506.016 l 569.336 506.641 l 569.43 507.289 l 569.492 
507.965 l 569.52 508.66 l 569.5 509.375 l 569.441 510.066 l 569.348 510.73
 l 569.219 511.363 l 569.051 511.961 l 568.844 512.523 l 568.605 513.043
 l 568.328 513.523 l 568.02 513.953 l 567.676 514.34 l 567.297 514.672 l
 566.883 514.953 l 566.438 515.176 l 565.957 515.336 l 565.449 515.438 l
 564.902 515.469 l 554.832 515.469 l 554.531 515.496 l 554.266 515.566 l
 554.027 515.676 l 553.809 515.816 l 553.43 516.16 l 553.086 516.539 l 552.523
 516.539 l 552.523 511.754 l 552.871 511.512 l 553.254 511.363 l 553.68 
511.297 l 554.156 511.305 l 553.57 510.676 l 553.074 510.055 l 552.664 509.43
 l 552.34 508.801 l 552.094 508.16 l 551.922 507.508 l 551.824 506.832 l
 551.793 506.129 l 551.812 505.637 l 551.875 505.152 l 551.98 504.684 l 
552.121 504.23 l 552.309 503.793 l 552.531 503.383 l 552.793 502.992 l 553.094
 502.633 l 553.43 502.301 l 553.805 502.008 l 554.219 501.75 l 554.664 501.531
 l 555.148 501.355 l 555.664 501.227 l 556.215 501.148 l 556.801 501.121
 l 557.328 501.141 l 557.836 501.199 l 558.32 501.301 l 558.785 501.449 
l 559.223 501.645 l 559.641 501.891 l 560.031 502.188 l 560.395 502.539 
l 560.73 502.949 l 561.043 503.418 l 561.32 503.945 l 561.57 504.539 l 561.793
 505.195 l 561.98 505.922 l 562.137 506.723 l 562.258 507.59 l 562.367 508.461
 l 562.496 509.215 l 562.648 509.855 l 562.844 510.379 l 562.957 510.594
 l 563.086 510.785 l 563.23 510.941 l 563.391 511.074 l 563.57 511.176 l
 563.77 511.246 l 563.988 511.293 l 564.23 511.305 l 560.344 511.305 l 560.145
 510.836 l 560 510.43 l 559.816 509.695 l 559.688 508.906 l 559.5 507.871
 l 559.438 507.504 l 559.355 507.172 l 559.258 506.875 l 559.141 506.617
 l 559.012 506.391 l 558.875 506.195 l 558.566 505.891 l 558.234 505.684
 l 557.895 505.562 l 557.562 505.508 l 557.25 505.508 l 557.035 505.512 
l 556.828 505.543 l 556.629 505.598 l 556.445 505.676 l 556.109 505.898 
l 555.82 506.199 l 555.594 506.57 l 555.422 506.996 l 555.316 507.473 l 
555.281 507.984 l 555.332 508.547 l 555.492 509.113 l 555.609 509.391 l 
